ultralytics.engine.results.Results object with attributes:

boxes: ultralytics.engine.results.Boxes object
keypoints: None
masks: ultralytics.engine.results.Masks object
names: {0: 'driveable'}
orig_img: array([[[250, 250, 250],
        [254, 254, 254],
        [255, 255, 255],
        ...,
        [213, 209, 199],
        [212, 208, 200],
        [212, 208, 200]],

       [[252, 252, 252],
        [255, 255, 255],
        [255, 255, 255],
        ...,
        [213, 209, 199],
        [212, 208, 200],
        [212, 208, 200]],

       [[255, 255, 255],
        [255, 255, 255],
        [255, 255, 255],
        ...,
        [212, 207, 199],
        [212, 208, 200],
        [212, 208, 200]],

       ...,

       [[178, 183, 168],
        [178, 183, 168],
        [178, 183, 168],
        ...,
        [ 83,  80, 114],
        [ 81,  78, 112],
        [ 81,  78, 112]],

       [[176, 180, 168],
        [177, 181, 169],
        [179, 183, 171],
        ...,
        [ 82,  79, 113],
        [ 80,  77, 111],
        [ 80,  77, 111]],

       [[178, 182, 170],
        [178, 182, 170],
        [178, 182, 170],
        ...,
        [ 81,  78, 112],
        [ 79,  76, 110],
        [ 79,  76, 110]]], dtype=uint8)
orig_shape: (720, 1280)
path: 'image0.jpg'
probs: None
save_dir: None
speed: {'preprocess': 0.8358955383300781, 'inference': 94.15125846862793, 'postprocess': 0.7679462432861328}